{
  "advancedEditorSelectedIdentifier" : "ProjectBrowser",
  "openSceneRelativePaths" : [
    "Immersive.usda"
  ],
  "recentIdentifiers" : {

  },
  "sceneCameraHistory" : {
    "AF09ED6F-1707-48FD-8720-65B998362C09" : [
      {
        "date" : 728552701.454531,
        "title" : "Untitled",
        "transform" : [
          0.9540364,
          -7.358441e-09,
          0.299691,
          0,
          0.009089024,
          0.9995401,
          -0.028934048,
          0,
          -0.29955307,
          0.030328015,
          0.9535976,
          0,
          -0.9602017,
          0.87220913,
          2.281707,
          1
        ]
      },
      {
        "date" : 728552695.783633,
        "title" : "Untitled",
        "transform" : [
          0.9987558,
          -8.1177e-10,
          -0.049869023,
          0,
          -0.013587174,
          0.9621681,
          -0.27211782,
          0,
          0.04798243,
          0.2724568,
          0.9609709,
          0,
          0.15380529,
          1.6483405,
          2.3053432,
          1
        ]
      },
      {
        "date" : 728552688.438592,
        "title" : "Untitled",
        "transform" : [
          0.90880305,
          -1.072181e-09,
          -0.41722545,
          0,
          -0.052627385,
          0.99201286,
          -0.11463328,
          0,
          0.413893,
          0.12613651,
          0.9015443,
          0,
          0.51349914,
          0.9314898,
          0.34350687,
          1
        ]
      },
      {
        "date" : 728552677.701567,
        "title" : "Untitled",
        "transform" : [
          1,
          0,
          -0,
          0,
          -0,
          0.86602443,
          -0.50000167,
          0,
          0,
          0.50000167,
          0.86602443,
          0,
          0,
          3.7275064,
          4.3388915,
          1
        ]
      }
    ]
  }
}